 ФИГУРУ СОСТАВЛЯЮТ ТОЧКИ С ИНДЕКСАМИ: 
 28 (0, 1.41421) 
 13 (0.414214, 1) 
 23 (1, 1) 
 32 (1, 0.414214) 
 27 (1.41421, 0) 
 31 (1, -0.414214) 
 24 (1, -1) 
 14 (0.414214, -1) 
 30 (0, -1.41421) 
 12 (-0.414214, -1) 
 26 (-1, -1) 
 11 (-1, -0.414214) 
 29 (-1.41421, 0) 
 15 (-1, 0.414214) 
 25 (-1, 1) 
 16 (-0.414214, 1) 

 ФИГУРУ СОСТАВЛЯЮТ ТОЧКИ С ИНДЕКСАМИ: 
 38 (10, 1.41421) 
 45 (10.4142, 1) 
 33 (11, 1) 
 42 (11, 0.414214) 
 37 (11.4142, 0) 
 41 (11, -0.414214) 
 34 (11, -1) 
 46 (10.4142, -1) 
 40 (10, -1.41421) 
 44 (9.58579, -1) 
 36 (9, -1) 
 43 (9, -0.414214) 
 39 (8.58579, 0) 
 47 (9, 0.414214) 
 35 (9, 1) 
 48 (9.58579, 1) 


Фигура победитель под индексом 0 максимальное кол-во точек внутри: 4
 ФИГУРУ СОСТАВЛЯЮТ ТОЧКИ С ИНДЕКСАМИ: 
 28 (0, 1.41421) 
 13 (0.414214, 1) 
 23 (1, 1) 
 32 (1, 0.414214) 
 27 (1.41421, 0) 
 31 (1, -0.414214) 
 24 (1, -1) 
 14 (0.414214, -1) 
 30 (0, -1.41421) 
 12 (-0.414214, -1) 
 26 (-1, -1) 
 11 (-1, -0.414214) 
 29 (-1.41421, 0) 
 15 (-1, 0.414214) 
 25 (-1, 1) 
 16 (-0.414214, 1) 

Точки входящие в фигуру:
(0.1,0.1)
(0.11,0.11)
(0.111,0.111)
(0.5,0.3)

Фигура победитель под индексом 1 максимальное кол-во точек внутри: 4
 ФИГУРУ СОСТАВЛЯЮТ ТОЧКИ С ИНДЕКСАМИ: 
 38 (10, 1.41421) 
 45 (10.4142, 1) 
 33 (11, 1) 
 42 (11, 0.414214) 
 37 (11.4142, 0) 
 41 (11, -0.414214) 
 34 (11, -1) 
 46 (10.4142, -1) 
 40 (10, -1.41421) 
 44 (9.58579, -1) 
 36 (9, -1) 
 43 (9, -0.414214) 
 39 (8.58579, 0) 
 47 (9, 0.414214) 
 35 (9, 1) 
 48 (9.58579, 1) 

Точки входящие в фигуру:
(10.1,0.1)
(10.11,0.11)
(10.111,0.111)
(9.345,0)
