1 1
1 1
1 1
1 1

1 -1
-1 1
-1 -1
1.414213562373095 0
0 1.414213562373095
-1.414213562373095 0
0 -1.414213562373095
1 -0.4142135623730950488016887242097
1 0.4142135623730950488016887242097
-1 -0.4142135623730950488016887242097
-0.4142135623730950488016887242097 -1
0.4142135623730950488016887242097 1
0.4142135623730950488016887242097 -1
-1 0.4142135623730950488016887242097
-0.4142135623730950488016887242097 1

11 1
11 -1
9 1
9 -1
11.414213562373095 0
10 1.414213562373095
8.58578644 0
10 -1.414213562373095
11 -0.4142135623730950488016887242097
11 0.4142135623730950488016887242097
9 -0.4142135623730950488016887242097
9.5857864376269049511983112757903 -1
10.4142135623730950488016887242097 1
10.4142135623730950488016887242097 -1
9 0.4142135623730950488016887242097
9.5857864376269049511983112757903 1

0.1 0.1
0.11 0.11
0.111 0.111
99 0
6
10.1  0.1
10.11  0.11
10.111  0.111